{
 "cells": [
  {
   "cell_type": "markdown",
   "id": "3005fc20",
   "metadata": {},
   "source": [
    "### Boston House Pricing ML Model\n",
    "\n",
    "### About the Data\n",
    "This dataset contains information collected by the U.S Census Service concerning housing in the area of Boston Mass. It was obtained from the StatLib archive (http://lib.stat.cmu.edu/datasets/boston). The dataset has 506 cases.\n",
    "Variables: There are 14 attributes in each case of the dataset. They are:\n",
    "\n",
    "CRIM - per capita crime rate by town\n",
    "\n",
    "ZN - proportion of residential land zoned for lots over 25,000 sq.ft.\n",
    "\n",
    "INDUS - proportion of non-retail business acres per town.\n",
    "\n",
    "CHAS - Charles River dummy variable (1 if tract bounds river; 0 otherwise)\n",
    "\n",
    "NOX - nitric oxides concentration (parts per 10 million)\n",
    "\n",
    "RM - average number of rooms per dwelling\n",
    "\n",
    "AGE - proportion of owner-occupied units built prior to 1940\n",
    "\n",
    "DIS - weighted distances to five Boston employment centres\n",
    "\n",
    "RAD - index of accessibility to radial highways\n",
    "\n",
    "TAX - full-value property-tax rate per 10,000\n",
    "\n",
    "PTRATIO - pupil-teacher ratio by town\n",
    "\n",
    "B - 1000(Bk - 0.63)^2 where Bk is the proportion of blacks by town\n",
    "\n",
    "LSTAT - per lower status of the population\n",
    "\n",
    "MEDV - Median value of owner-occupied homes in $1000's\n",
    "\n",
    "### Data Loading"
   ]
  },
  {
   "cell_type": "code",
   "execution_count": 3,
   "id": "0f496fcd",
   "metadata": {},
   "outputs": [],
   "source": [
    "import pandas as pd\n",
    "import numpy as np\n",
    "import matplotlib.pyplot as plt\n",
    "import seaborn as sns\n",
    "%matplotlib inline"
   ]
  },
  {
   "cell_type": "code",
   "execution_count": 10,
   "id": "67035808",
   "metadata": {},
   "outputs": [
    {
     "name": "stdout",
     "output_type": "stream",
     "text": [
      "Shape of Data is : 506 rows and 14 columns\n"
     ]
    }
   ],
   "source": [
    "# Loading the data \n",
    "boston= pd.read_csv(r\"C:\\Users\\srish\\Downloads\\Projects\\House Pricing model\\boston_house_price.csv\")\n",
    "print('Shape of Data is : {} rows and {} columns'.format(df.shape[0],df.shape[1]))"
   ]
  },
  {
   "cell_type": "markdown",
   "id": "4065e3d4",
   "metadata": {},
   "source": [
    "# Preparing the data"
   ]
  },
  {
   "cell_type": "code",
   "execution_count": 11,
   "id": "c78159d9",
   "metadata": {},
   "outputs": [],
   "source": [
    "#setting the first row as header\n",
    "boston.columns = df.iloc[0]\n",
    "boston = df[1:]\n",
    "                "
   ]
  },
  {
   "cell_type": "code",
   "execution_count": 12,
   "id": "3e8a81dc",
   "metadata": {},
   "outputs": [
    {
     "data": {
      "text/html": [
       "<div>\n",
       "<style scoped>\n",
       "    .dataframe tbody tr th:only-of-type {\n",
       "        vertical-align: middle;\n",
       "    }\n",
       "\n",
       "    .dataframe tbody tr th {\n",
       "        vertical-align: top;\n",
       "    }\n",
       "\n",
       "    .dataframe thead th {\n",
       "        text-align: right;\n",
       "    }\n",
       "</style>\n",
       "<table border=\"1\" class=\"dataframe\">\n",
       "  <thead>\n",
       "    <tr style=\"text-align: right;\">\n",
       "      <th></th>\n",
       "      <th>CRIM</th>\n",
       "      <th>ZN</th>\n",
       "      <th>INDUS</th>\n",
       "      <th>CHAS</th>\n",
       "      <th>NOX</th>\n",
       "      <th>RM</th>\n",
       "      <th>AGE</th>\n",
       "      <th>DIS</th>\n",
       "      <th>RAD</th>\n",
       "      <th>TAX</th>\n",
       "      <th>PTRATIO</th>\n",
       "      <th>B</th>\n",
       "      <th>LSTAT</th>\n",
       "      <th>MEDV</th>\n",
       "    </tr>\n",
       "  </thead>\n",
       "  <tbody>\n",
       "    <tr>\n",
       "      <th>1</th>\n",
       "      <td>0.02731</td>\n",
       "      <td>0.0</td>\n",
       "      <td>7.07</td>\n",
       "      <td>0</td>\n",
       "      <td>0.469</td>\n",
       "      <td>6.421</td>\n",
       "      <td>78.9</td>\n",
       "      <td>4.9671</td>\n",
       "      <td>2</td>\n",
       "      <td>242</td>\n",
       "      <td>17.8</td>\n",
       "      <td>396.90</td>\n",
       "      <td>9.14</td>\n",
       "      <td>21.6</td>\n",
       "    </tr>\n",
       "    <tr>\n",
       "      <th>2</th>\n",
       "      <td>0.02729</td>\n",
       "      <td>0.0</td>\n",
       "      <td>7.07</td>\n",
       "      <td>0</td>\n",
       "      <td>0.469</td>\n",
       "      <td>7.185</td>\n",
       "      <td>61.1</td>\n",
       "      <td>4.9671</td>\n",
       "      <td>2</td>\n",
       "      <td>242</td>\n",
       "      <td>17.8</td>\n",
       "      <td>392.83</td>\n",
       "      <td>4.03</td>\n",
       "      <td>34.7</td>\n",
       "    </tr>\n",
       "    <tr>\n",
       "      <th>3</th>\n",
       "      <td>0.03237</td>\n",
       "      <td>0.0</td>\n",
       "      <td>2.18</td>\n",
       "      <td>0</td>\n",
       "      <td>0.458</td>\n",
       "      <td>6.998</td>\n",
       "      <td>45.8</td>\n",
       "      <td>6.0622</td>\n",
       "      <td>3</td>\n",
       "      <td>222</td>\n",
       "      <td>18.7</td>\n",
       "      <td>394.63</td>\n",
       "      <td>2.94</td>\n",
       "      <td>33.4</td>\n",
       "    </tr>\n",
       "    <tr>\n",
       "      <th>4</th>\n",
       "      <td>0.06905</td>\n",
       "      <td>0.0</td>\n",
       "      <td>2.18</td>\n",
       "      <td>0</td>\n",
       "      <td>0.458</td>\n",
       "      <td>7.147</td>\n",
       "      <td>54.2</td>\n",
       "      <td>6.0622</td>\n",
       "      <td>3</td>\n",
       "      <td>222</td>\n",
       "      <td>18.7</td>\n",
       "      <td>396.90</td>\n",
       "      <td>5.33</td>\n",
       "      <td>36.2</td>\n",
       "    </tr>\n",
       "    <tr>\n",
       "      <th>5</th>\n",
       "      <td>0.02985</td>\n",
       "      <td>0.0</td>\n",
       "      <td>2.18</td>\n",
       "      <td>0</td>\n",
       "      <td>0.458</td>\n",
       "      <td>6.430</td>\n",
       "      <td>58.7</td>\n",
       "      <td>6.0622</td>\n",
       "      <td>3</td>\n",
       "      <td>222</td>\n",
       "      <td>18.7</td>\n",
       "      <td>394.12</td>\n",
       "      <td>5.21</td>\n",
       "      <td>28.7</td>\n",
       "    </tr>\n",
       "  </tbody>\n",
       "</table>\n",
       "</div>"
      ],
      "text/plain": [
       "      CRIM   ZN  INDUS  CHAS    NOX     RM   AGE     DIS  RAD  TAX  PTRATIO  \\\n",
       "1  0.02731  0.0   7.07     0  0.469  6.421  78.9  4.9671    2  242     17.8   \n",
       "2  0.02729  0.0   7.07     0  0.469  7.185  61.1  4.9671    2  242     17.8   \n",
       "3  0.03237  0.0   2.18     0  0.458  6.998  45.8  6.0622    3  222     18.7   \n",
       "4  0.06905  0.0   2.18     0  0.458  7.147  54.2  6.0622    3  222     18.7   \n",
       "5  0.02985  0.0   2.18     0  0.458  6.430  58.7  6.0622    3  222     18.7   \n",
       "\n",
       "        B  LSTAT  MEDV  \n",
       "1  396.90   9.14  21.6  \n",
       "2  392.83   4.03  34.7  \n",
       "3  394.63   2.94  33.4  \n",
       "4  396.90   5.33  36.2  \n",
       "5  394.12   5.21  28.7  "
      ]
     },
     "execution_count": 12,
     "metadata": {},
     "output_type": "execute_result"
    }
   ],
   "source": [
    "boston.head()"
   ]
  },
  {
   "cell_type": "code",
   "execution_count": 13,
   "id": "2533c9b1",
   "metadata": {},
   "outputs": [
    {
     "name": "stdout",
     "output_type": "stream",
     "text": [
      "<class 'pandas.core.frame.DataFrame'>\n",
      "RangeIndex: 505 entries, 1 to 505\n",
      "Data columns (total 14 columns):\n",
      " #   Column   Non-Null Count  Dtype  \n",
      "---  ------   --------------  -----  \n",
      " 0   CRIM     505 non-null    float64\n",
      " 1   ZN       505 non-null    float64\n",
      " 2   INDUS    505 non-null    float64\n",
      " 3   CHAS     505 non-null    int64  \n",
      " 4   NOX      505 non-null    float64\n",
      " 5   RM       505 non-null    float64\n",
      " 6   AGE      505 non-null    float64\n",
      " 7   DIS      505 non-null    float64\n",
      " 8   RAD      505 non-null    int64  \n",
      " 9   TAX      505 non-null    int64  \n",
      " 10  PTRATIO  505 non-null    float64\n",
      " 11  B        505 non-null    float64\n",
      " 12  LSTAT    505 non-null    float64\n",
      " 13  MEDV     505 non-null    float64\n",
      "dtypes: float64(11), int64(3)\n",
      "memory usage: 55.4 KB\n"
     ]
    }
   ],
   "source": [
    "boston.info()"
   ]
  },
  {
   "cell_type": "code",
   "execution_count": 14,
   "id": "d3838a49",
   "metadata": {},
   "outputs": [
    {
     "data": {
      "text/html": [
       "<div>\n",
       "<style scoped>\n",
       "    .dataframe tbody tr th:only-of-type {\n",
       "        vertical-align: middle;\n",
       "    }\n",
       "\n",
       "    .dataframe tbody tr th {\n",
       "        vertical-align: top;\n",
       "    }\n",
       "\n",
       "    .dataframe thead th {\n",
       "        text-align: right;\n",
       "    }\n",
       "</style>\n",
       "<table border=\"1\" class=\"dataframe\">\n",
       "  <thead>\n",
       "    <tr style=\"text-align: right;\">\n",
       "      <th></th>\n",
       "      <th>CRIM</th>\n",
       "      <th>ZN</th>\n",
       "      <th>INDUS</th>\n",
       "      <th>CHAS</th>\n",
       "      <th>NOX</th>\n",
       "      <th>RM</th>\n",
       "      <th>AGE</th>\n",
       "      <th>DIS</th>\n",
       "      <th>RAD</th>\n",
       "      <th>TAX</th>\n",
       "      <th>PTRATIO</th>\n",
       "      <th>B</th>\n",
       "      <th>LSTAT</th>\n",
       "      <th>MEDV</th>\n",
       "    </tr>\n",
       "  </thead>\n",
       "  <tbody>\n",
       "    <tr>\n",
       "      <th>count</th>\n",
       "      <td>505.000000</td>\n",
       "      <td>505.000000</td>\n",
       "      <td>505.000000</td>\n",
       "      <td>505.000000</td>\n",
       "      <td>505.000000</td>\n",
       "      <td>505.000000</td>\n",
       "      <td>505.000000</td>\n",
       "      <td>505.000000</td>\n",
       "      <td>505.000000</td>\n",
       "      <td>505.000000</td>\n",
       "      <td>505.000000</td>\n",
       "      <td>505.000000</td>\n",
       "      <td>505.000000</td>\n",
       "      <td>505.000000</td>\n",
       "    </tr>\n",
       "    <tr>\n",
       "      <th>mean</th>\n",
       "      <td>3.620667</td>\n",
       "      <td>11.350495</td>\n",
       "      <td>11.154257</td>\n",
       "      <td>0.069307</td>\n",
       "      <td>0.554728</td>\n",
       "      <td>6.284059</td>\n",
       "      <td>68.581584</td>\n",
       "      <td>3.794459</td>\n",
       "      <td>9.566337</td>\n",
       "      <td>408.459406</td>\n",
       "      <td>18.461782</td>\n",
       "      <td>356.594376</td>\n",
       "      <td>12.668257</td>\n",
       "      <td>22.529901</td>\n",
       "    </tr>\n",
       "    <tr>\n",
       "      <th>std</th>\n",
       "      <td>8.608572</td>\n",
       "      <td>23.343704</td>\n",
       "      <td>6.855868</td>\n",
       "      <td>0.254227</td>\n",
       "      <td>0.115990</td>\n",
       "      <td>0.703195</td>\n",
       "      <td>28.176371</td>\n",
       "      <td>2.107757</td>\n",
       "      <td>8.707553</td>\n",
       "      <td>168.629992</td>\n",
       "      <td>2.162520</td>\n",
       "      <td>91.367787</td>\n",
       "      <td>7.139950</td>\n",
       "      <td>9.205991</td>\n",
       "    </tr>\n",
       "    <tr>\n",
       "      <th>min</th>\n",
       "      <td>0.009060</td>\n",
       "      <td>0.000000</td>\n",
       "      <td>0.460000</td>\n",
       "      <td>0.000000</td>\n",
       "      <td>0.385000</td>\n",
       "      <td>3.561000</td>\n",
       "      <td>2.900000</td>\n",
       "      <td>1.129600</td>\n",
       "      <td>1.000000</td>\n",
       "      <td>187.000000</td>\n",
       "      <td>12.600000</td>\n",
       "      <td>0.320000</td>\n",
       "      <td>1.730000</td>\n",
       "      <td>5.000000</td>\n",
       "    </tr>\n",
       "    <tr>\n",
       "      <th>25%</th>\n",
       "      <td>0.082210</td>\n",
       "      <td>0.000000</td>\n",
       "      <td>5.190000</td>\n",
       "      <td>0.000000</td>\n",
       "      <td>0.449000</td>\n",
       "      <td>5.885000</td>\n",
       "      <td>45.000000</td>\n",
       "      <td>2.100000</td>\n",
       "      <td>4.000000</td>\n",
       "      <td>279.000000</td>\n",
       "      <td>17.400000</td>\n",
       "      <td>375.330000</td>\n",
       "      <td>7.010000</td>\n",
       "      <td>17.000000</td>\n",
       "    </tr>\n",
       "    <tr>\n",
       "      <th>50%</th>\n",
       "      <td>0.259150</td>\n",
       "      <td>0.000000</td>\n",
       "      <td>9.690000</td>\n",
       "      <td>0.000000</td>\n",
       "      <td>0.538000</td>\n",
       "      <td>6.208000</td>\n",
       "      <td>77.700000</td>\n",
       "      <td>3.199200</td>\n",
       "      <td>5.000000</td>\n",
       "      <td>330.000000</td>\n",
       "      <td>19.100000</td>\n",
       "      <td>391.430000</td>\n",
       "      <td>11.380000</td>\n",
       "      <td>21.200000</td>\n",
       "    </tr>\n",
       "    <tr>\n",
       "      <th>75%</th>\n",
       "      <td>3.678220</td>\n",
       "      <td>12.500000</td>\n",
       "      <td>18.100000</td>\n",
       "      <td>0.000000</td>\n",
       "      <td>0.624000</td>\n",
       "      <td>6.625000</td>\n",
       "      <td>94.100000</td>\n",
       "      <td>5.211900</td>\n",
       "      <td>24.000000</td>\n",
       "      <td>666.000000</td>\n",
       "      <td>20.200000</td>\n",
       "      <td>396.210000</td>\n",
       "      <td>16.960000</td>\n",
       "      <td>25.000000</td>\n",
       "    </tr>\n",
       "    <tr>\n",
       "      <th>max</th>\n",
       "      <td>88.976200</td>\n",
       "      <td>100.000000</td>\n",
       "      <td>27.740000</td>\n",
       "      <td>1.000000</td>\n",
       "      <td>0.871000</td>\n",
       "      <td>8.780000</td>\n",
       "      <td>100.000000</td>\n",
       "      <td>12.126500</td>\n",
       "      <td>24.000000</td>\n",
       "      <td>711.000000</td>\n",
       "      <td>22.000000</td>\n",
       "      <td>396.900000</td>\n",
       "      <td>37.970000</td>\n",
       "      <td>50.000000</td>\n",
       "    </tr>\n",
       "  </tbody>\n",
       "</table>\n",
       "</div>"
      ],
      "text/plain": [
       "             CRIM          ZN       INDUS        CHAS         NOX          RM  \\\n",
       "count  505.000000  505.000000  505.000000  505.000000  505.000000  505.000000   \n",
       "mean     3.620667   11.350495   11.154257    0.069307    0.554728    6.284059   \n",
       "std      8.608572   23.343704    6.855868    0.254227    0.115990    0.703195   \n",
       "min      0.009060    0.000000    0.460000    0.000000    0.385000    3.561000   \n",
       "25%      0.082210    0.000000    5.190000    0.000000    0.449000    5.885000   \n",
       "50%      0.259150    0.000000    9.690000    0.000000    0.538000    6.208000   \n",
       "75%      3.678220   12.500000   18.100000    0.000000    0.624000    6.625000   \n",
       "max     88.976200  100.000000   27.740000    1.000000    0.871000    8.780000   \n",
       "\n",
       "              AGE         DIS         RAD         TAX     PTRATIO           B  \\\n",
       "count  505.000000  505.000000  505.000000  505.000000  505.000000  505.000000   \n",
       "mean    68.581584    3.794459    9.566337  408.459406   18.461782  356.594376   \n",
       "std     28.176371    2.107757    8.707553  168.629992    2.162520   91.367787   \n",
       "min      2.900000    1.129600    1.000000  187.000000   12.600000    0.320000   \n",
       "25%     45.000000    2.100000    4.000000  279.000000   17.400000  375.330000   \n",
       "50%     77.700000    3.199200    5.000000  330.000000   19.100000  391.430000   \n",
       "75%     94.100000    5.211900   24.000000  666.000000   20.200000  396.210000   \n",
       "max    100.000000   12.126500   24.000000  711.000000   22.000000  396.900000   \n",
       "\n",
       "            LSTAT        MEDV  \n",
       "count  505.000000  505.000000  \n",
       "mean    12.668257   22.529901  \n",
       "std      7.139950    9.205991  \n",
       "min      1.730000    5.000000  \n",
       "25%      7.010000   17.000000  \n",
       "50%     11.380000   21.200000  \n",
       "75%     16.960000   25.000000  \n",
       "max     37.970000   50.000000  "
      ]
     },
     "execution_count": 14,
     "metadata": {},
     "output_type": "execute_result"
    }
   ],
   "source": [
    "#summarising the data\n",
    "boston.describe()"
   ]
  },
  {
   "cell_type": "code",
   "execution_count": 15,
   "id": "5faf55e7",
   "metadata": {
    "scrolled": true
   },
   "outputs": [
    {
     "data": {
      "text/plain": [
       "CRIM       0\n",
       "ZN         0\n",
       "INDUS      0\n",
       "CHAS       0\n",
       "NOX        0\n",
       "RM         0\n",
       "AGE        0\n",
       "DIS        0\n",
       "RAD        0\n",
       "TAX        0\n",
       "PTRATIO    0\n",
       "B          0\n",
       "LSTAT      0\n",
       "MEDV       0\n",
       "dtype: int64"
      ]
     },
     "execution_count": 15,
     "metadata": {},
     "output_type": "execute_result"
    }
   ],
   "source": [
    "#Checking missing values\n",
    "boston.isnull().sum()"
   ]
  },
  {
   "cell_type": "markdown",
   "id": "7c320db9",
   "metadata": {},
   "source": [
    "### Exploratory Data Analysis"
   ]
  },
  {
   "cell_type": "code",
   "execution_count": 16,
   "id": "3417c5db",
   "metadata": {},
   "outputs": [
    {
     "data": {
      "text/html": [
       "<div>\n",
       "<style scoped>\n",
       "    .dataframe tbody tr th:only-of-type {\n",
       "        vertical-align: middle;\n",
       "    }\n",
       "\n",
       "    .dataframe tbody tr th {\n",
       "        vertical-align: top;\n",
       "    }\n",
       "\n",
       "    .dataframe thead th {\n",
       "        text-align: right;\n",
       "    }\n",
       "</style>\n",
       "<table border=\"1\" class=\"dataframe\">\n",
       "  <thead>\n",
       "    <tr style=\"text-align: right;\">\n",
       "      <th></th>\n",
       "      <th>CRIM</th>\n",
       "      <th>ZN</th>\n",
       "      <th>INDUS</th>\n",
       "      <th>CHAS</th>\n",
       "      <th>NOX</th>\n",
       "      <th>RM</th>\n",
       "      <th>AGE</th>\n",
       "      <th>DIS</th>\n",
       "      <th>RAD</th>\n",
       "      <th>TAX</th>\n",
       "      <th>PTRATIO</th>\n",
       "      <th>B</th>\n",
       "      <th>LSTAT</th>\n",
       "      <th>MEDV</th>\n",
       "    </tr>\n",
       "  </thead>\n",
       "  <tbody>\n",
       "    <tr>\n",
       "      <th>CRIM</th>\n",
       "      <td>1.000000</td>\n",
       "      <td>-0.200283</td>\n",
       "      <td>0.406251</td>\n",
       "      <td>-0.056132</td>\n",
       "      <td>0.420934</td>\n",
       "      <td>-0.218978</td>\n",
       "      <td>0.352701</td>\n",
       "      <td>-0.379627</td>\n",
       "      <td>0.625396</td>\n",
       "      <td>0.582568</td>\n",
       "      <td>0.289394</td>\n",
       "      <td>-0.384839</td>\n",
       "      <td>0.455329</td>\n",
       "      <td>-0.388249</td>\n",
       "    </tr>\n",
       "    <tr>\n",
       "      <th>ZN</th>\n",
       "      <td>-0.200283</td>\n",
       "      <td>1.000000</td>\n",
       "      <td>-0.534022</td>\n",
       "      <td>-0.042550</td>\n",
       "      <td>-0.516574</td>\n",
       "      <td>0.311835</td>\n",
       "      <td>-0.569524</td>\n",
       "      <td>0.664395</td>\n",
       "      <td>-0.311717</td>\n",
       "      <td>-0.314351</td>\n",
       "      <td>-0.391713</td>\n",
       "      <td>0.175319</td>\n",
       "      <td>-0.412894</td>\n",
       "      <td>0.360393</td>\n",
       "    </tr>\n",
       "    <tr>\n",
       "      <th>INDUS</th>\n",
       "      <td>0.406251</td>\n",
       "      <td>-0.534022</td>\n",
       "      <td>1.000000</td>\n",
       "      <td>0.062350</td>\n",
       "      <td>0.764556</td>\n",
       "      <td>-0.391330</td>\n",
       "      <td>0.645543</td>\n",
       "      <td>-0.708848</td>\n",
       "      <td>0.594167</td>\n",
       "      <td>0.720561</td>\n",
       "      <td>0.380955</td>\n",
       "      <td>-0.356506</td>\n",
       "      <td>0.602737</td>\n",
       "      <td>-0.484126</td>\n",
       "    </tr>\n",
       "    <tr>\n",
       "      <th>CHAS</th>\n",
       "      <td>-0.056132</td>\n",
       "      <td>-0.042550</td>\n",
       "      <td>0.062350</td>\n",
       "      <td>1.000000</td>\n",
       "      <td>0.091134</td>\n",
       "      <td>0.091497</td>\n",
       "      <td>0.086461</td>\n",
       "      <td>-0.099109</td>\n",
       "      <td>-0.007907</td>\n",
       "      <td>-0.035965</td>\n",
       "      <td>-0.122570</td>\n",
       "      <td>0.049040</td>\n",
       "      <td>-0.054576</td>\n",
       "      <td>0.175364</td>\n",
       "    </tr>\n",
       "    <tr>\n",
       "      <th>NOX</th>\n",
       "      <td>0.420934</td>\n",
       "      <td>-0.516574</td>\n",
       "      <td>0.764556</td>\n",
       "      <td>0.091134</td>\n",
       "      <td>1.000000</td>\n",
       "      <td>-0.302127</td>\n",
       "      <td>0.731461</td>\n",
       "      <td>-0.769221</td>\n",
       "      <td>0.611758</td>\n",
       "      <td>0.668141</td>\n",
       "      <td>0.188918</td>\n",
       "      <td>-0.380006</td>\n",
       "      <td>0.591262</td>\n",
       "      <td>-0.427295</td>\n",
       "    </tr>\n",
       "    <tr>\n",
       "      <th>RM</th>\n",
       "      <td>-0.218978</td>\n",
       "      <td>0.311835</td>\n",
       "      <td>-0.391330</td>\n",
       "      <td>0.091497</td>\n",
       "      <td>-0.302127</td>\n",
       "      <td>1.000000</td>\n",
       "      <td>-0.240211</td>\n",
       "      <td>0.205170</td>\n",
       "      <td>-0.209277</td>\n",
       "      <td>-0.291680</td>\n",
       "      <td>-0.355116</td>\n",
       "      <td>0.127754</td>\n",
       "      <td>-0.613734</td>\n",
       "      <td>0.695365</td>\n",
       "    </tr>\n",
       "    <tr>\n",
       "      <th>AGE</th>\n",
       "      <td>0.352701</td>\n",
       "      <td>-0.569524</td>\n",
       "      <td>0.645543</td>\n",
       "      <td>0.086461</td>\n",
       "      <td>0.731461</td>\n",
       "      <td>-0.240211</td>\n",
       "      <td>1.000000</td>\n",
       "      <td>-0.747872</td>\n",
       "      <td>0.456232</td>\n",
       "      <td>0.506527</td>\n",
       "      <td>0.261724</td>\n",
       "      <td>-0.273486</td>\n",
       "      <td>0.602782</td>\n",
       "      <td>-0.376932</td>\n",
       "    </tr>\n",
       "    <tr>\n",
       "      <th>DIS</th>\n",
       "      <td>-0.379627</td>\n",
       "      <td>0.664395</td>\n",
       "      <td>-0.708848</td>\n",
       "      <td>-0.099109</td>\n",
       "      <td>-0.769221</td>\n",
       "      <td>0.205170</td>\n",
       "      <td>-0.747872</td>\n",
       "      <td>1.000000</td>\n",
       "      <td>-0.494798</td>\n",
       "      <td>-0.534492</td>\n",
       "      <td>-0.232561</td>\n",
       "      <td>0.291451</td>\n",
       "      <td>-0.497277</td>\n",
       "      <td>0.249896</td>\n",
       "    </tr>\n",
       "    <tr>\n",
       "      <th>RAD</th>\n",
       "      <td>0.625396</td>\n",
       "      <td>-0.311717</td>\n",
       "      <td>0.594167</td>\n",
       "      <td>-0.007907</td>\n",
       "      <td>0.611758</td>\n",
       "      <td>-0.209277</td>\n",
       "      <td>0.456232</td>\n",
       "      <td>-0.494798</td>\n",
       "      <td>1.000000</td>\n",
       "      <td>0.910202</td>\n",
       "      <td>0.463322</td>\n",
       "      <td>-0.444065</td>\n",
       "      <td>0.487608</td>\n",
       "      <td>-0.381690</td>\n",
       "    </tr>\n",
       "    <tr>\n",
       "      <th>TAX</th>\n",
       "      <td>0.582568</td>\n",
       "      <td>-0.314351</td>\n",
       "      <td>0.720561</td>\n",
       "      <td>-0.035965</td>\n",
       "      <td>0.668141</td>\n",
       "      <td>-0.291680</td>\n",
       "      <td>0.506527</td>\n",
       "      <td>-0.534492</td>\n",
       "      <td>0.910202</td>\n",
       "      <td>1.000000</td>\n",
       "      <td>0.460100</td>\n",
       "      <td>-0.441505</td>\n",
       "      <td>0.543435</td>\n",
       "      <td>-0.468543</td>\n",
       "    </tr>\n",
       "    <tr>\n",
       "      <th>PTRATIO</th>\n",
       "      <td>0.289394</td>\n",
       "      <td>-0.391713</td>\n",
       "      <td>0.380955</td>\n",
       "      <td>-0.122570</td>\n",
       "      <td>0.188918</td>\n",
       "      <td>-0.355116</td>\n",
       "      <td>0.261724</td>\n",
       "      <td>-0.232561</td>\n",
       "      <td>0.463322</td>\n",
       "      <td>0.460100</td>\n",
       "      <td>1.000000</td>\n",
       "      <td>-0.176515</td>\n",
       "      <td>0.372148</td>\n",
       "      <td>-0.508411</td>\n",
       "    </tr>\n",
       "    <tr>\n",
       "      <th>B</th>\n",
       "      <td>-0.384839</td>\n",
       "      <td>0.175319</td>\n",
       "      <td>-0.356506</td>\n",
       "      <td>0.049040</td>\n",
       "      <td>-0.380006</td>\n",
       "      <td>0.127754</td>\n",
       "      <td>-0.273486</td>\n",
       "      <td>0.291451</td>\n",
       "      <td>-0.444065</td>\n",
       "      <td>-0.441505</td>\n",
       "      <td>-0.176515</td>\n",
       "      <td>1.000000</td>\n",
       "      <td>-0.365637</td>\n",
       "      <td>0.333394</td>\n",
       "    </tr>\n",
       "    <tr>\n",
       "      <th>LSTAT</th>\n",
       "      <td>0.455329</td>\n",
       "      <td>-0.412894</td>\n",
       "      <td>0.602737</td>\n",
       "      <td>-0.054576</td>\n",
       "      <td>0.591262</td>\n",
       "      <td>-0.613734</td>\n",
       "      <td>0.602782</td>\n",
       "      <td>-0.497277</td>\n",
       "      <td>0.487608</td>\n",
       "      <td>0.543435</td>\n",
       "      <td>0.372148</td>\n",
       "      <td>-0.365637</td>\n",
       "      <td>1.000000</td>\n",
       "      <td>-0.738187</td>\n",
       "    </tr>\n",
       "    <tr>\n",
       "      <th>MEDV</th>\n",
       "      <td>-0.388249</td>\n",
       "      <td>0.360393</td>\n",
       "      <td>-0.484126</td>\n",
       "      <td>0.175364</td>\n",
       "      <td>-0.427295</td>\n",
       "      <td>0.695365</td>\n",
       "      <td>-0.376932</td>\n",
       "      <td>0.249896</td>\n",
       "      <td>-0.381690</td>\n",
       "      <td>-0.468543</td>\n",
       "      <td>-0.508411</td>\n",
       "      <td>0.333394</td>\n",
       "      <td>-0.738187</td>\n",
       "      <td>1.000000</td>\n",
       "    </tr>\n",
       "  </tbody>\n",
       "</table>\n",
       "</div>"
      ],
      "text/plain": [
       "             CRIM        ZN     INDUS      CHAS       NOX        RM       AGE  \\\n",
       "CRIM     1.000000 -0.200283  0.406251 -0.056132  0.420934 -0.218978  0.352701   \n",
       "ZN      -0.200283  1.000000 -0.534022 -0.042550 -0.516574  0.311835 -0.569524   \n",
       "INDUS    0.406251 -0.534022  1.000000  0.062350  0.764556 -0.391330  0.645543   \n",
       "CHAS    -0.056132 -0.042550  0.062350  1.000000  0.091134  0.091497  0.086461   \n",
       "NOX      0.420934 -0.516574  0.764556  0.091134  1.000000 -0.302127  0.731461   \n",
       "RM      -0.218978  0.311835 -0.391330  0.091497 -0.302127  1.000000 -0.240211   \n",
       "AGE      0.352701 -0.569524  0.645543  0.086461  0.731461 -0.240211  1.000000   \n",
       "DIS     -0.379627  0.664395 -0.708848 -0.099109 -0.769221  0.205170 -0.747872   \n",
       "RAD      0.625396 -0.311717  0.594167 -0.007907  0.611758 -0.209277  0.456232   \n",
       "TAX      0.582568 -0.314351  0.720561 -0.035965  0.668141 -0.291680  0.506527   \n",
       "PTRATIO  0.289394 -0.391713  0.380955 -0.122570  0.188918 -0.355116  0.261724   \n",
       "B       -0.384839  0.175319 -0.356506  0.049040 -0.380006  0.127754 -0.273486   \n",
       "LSTAT    0.455329 -0.412894  0.602737 -0.054576  0.591262 -0.613734  0.602782   \n",
       "MEDV    -0.388249  0.360393 -0.484126  0.175364 -0.427295  0.695365 -0.376932   \n",
       "\n",
       "              DIS       RAD       TAX   PTRATIO         B     LSTAT      MEDV  \n",
       "CRIM    -0.379627  0.625396  0.582568  0.289394 -0.384839  0.455329 -0.388249  \n",
       "ZN       0.664395 -0.311717 -0.314351 -0.391713  0.175319 -0.412894  0.360393  \n",
       "INDUS   -0.708848  0.594167  0.720561  0.380955 -0.356506  0.602737 -0.484126  \n",
       "CHAS    -0.099109 -0.007907 -0.035965 -0.122570  0.049040 -0.054576  0.175364  \n",
       "NOX     -0.769221  0.611758  0.668141  0.188918 -0.380006  0.591262 -0.427295  \n",
       "RM       0.205170 -0.209277 -0.291680 -0.355116  0.127754 -0.613734  0.695365  \n",
       "AGE     -0.747872  0.456232  0.506527  0.261724 -0.273486  0.602782 -0.376932  \n",
       "DIS      1.000000 -0.494798 -0.534492 -0.232561  0.291451 -0.497277  0.249896  \n",
       "RAD     -0.494798  1.000000  0.910202  0.463322 -0.444065  0.487608 -0.381690  \n",
       "TAX     -0.534492  0.910202  1.000000  0.460100 -0.441505  0.543435 -0.468543  \n",
       "PTRATIO -0.232561  0.463322  0.460100  1.000000 -0.176515  0.372148 -0.508411  \n",
       "B        0.291451 -0.444065 -0.441505 -0.176515  1.000000 -0.365637  0.333394  \n",
       "LSTAT   -0.497277  0.487608  0.543435  0.372148 -0.365637  1.000000 -0.738187  \n",
       "MEDV     0.249896 -0.381690 -0.468543 -0.508411  0.333394 -0.738187  1.000000  "
      ]
     },
     "execution_count": 16,
     "metadata": {},
     "output_type": "execute_result"
    }
   ],
   "source": [
    "## Correlation\n",
    "boston.corr()"
   ]
  },
  {
   "cell_type": "code",
   "execution_count": 17,
   "id": "499bf12c",
   "metadata": {},
   "outputs": [
    {
     "name": "stderr",
     "output_type": "stream",
     "text": [
      "C:\\Users\\srish\\AppData\\Local\\Temp\\ipykernel_15928\\2848392308.py:2: SettingWithCopyWarning: \n",
      "A value is trying to be set on a copy of a slice from a DataFrame\n",
      "\n",
      "See the caveats in the documentation: https://pandas.pydata.org/pandas-docs/stable/user_guide/indexing.html#returning-a-view-versus-a-copy\n",
      "  boston.rename(columns = {'MEDV' : 'PRICE'}, inplace = True)\n"
     ]
    }
   ],
   "source": [
    "#renaming Column\n",
    "boston.rename(columns = {'MEDV' : 'PRICE'}, inplace = True)"
   ]
  },
  {
   "cell_type": "code",
   "execution_count": 18,
   "id": "0f11099c",
   "metadata": {},
   "outputs": [
    {
     "data": {
      "text/plain": [
       "<seaborn.axisgrid.PairGrid at 0x18b86f8cf90>"
      ]
     },
     "execution_count": 18,
     "metadata": {},
     "output_type": "execute_result"
    },
    {
     "data": {
